175
4555
1075
1448
977
74
4063
2749
257
216
313
4626
4907
1485
842
155
155
110
82
3844
143
45
350
337
382
4720
129
220
4131
370
1639
4898
3036
135
523
1247
786
1144
1693
129
347
1620
4624
4992
4053
3034
4965
1129
1277
351
1220
660
405
352
2054
657
3914
5041
1634
403
1364
356
105
4101
237
352
183
1118
1118
1822
561
2136
254
1620
388
94
188
4008
375
108
415
425
754
790
157
3303
13
13
636
669
4593
121
346
288
351
200
1670
351
2215
4208
936
4818
1962
1838
4714
3469
960
679
1044
1951
7
352
1008
1457
105
42
219
376
1831
866
1167
434
1171
1312
1592
476
2525
2104
937
1085
730
2095
267
162
936
3
1439
2269
2089
629
13
2973
963
5097
152
108
169
12
1428
2686
662
611
560
1624
2167
1890
1471
1463
2129
1187
620
177
494
1336
1886
2107
247
348
4557
1571
1988
810
351
22
210
4349
1927
4502
427
237
487
1894
1427
816
3780
100
774
222
244
636
619
1870
611
3980
2222
2167
973
4079
5093
4019
129
103
39
5
1645
705
1048
898
1048
591
390
3303
662
539
676
414
1106
3442
2485
2667
4467
3524
4977
4094
4413
4610
4356
511
461
137
4239
31
679
1491
2086
1324
465
346
588
898
1174
199
1741
360
636
375
982
513
624
4386
2687
513
4281
294
3308
2960
692
4062
571
1074
1174
352
4593
3351
4063
4294
3119
2786
1027
60
1817
165
555
1974
2241
252
4971
73
879
1015
1510
1118
1620
1753
4920
360
4495
278
373
98
1620
1972
4592
4131
4778
701
4724
1848
5097
3046
3046
585
344
354
2003
346
869
1306
1263
696
1012
803
2948
91
968
505
158
1200
4438
56
4055
143
4257
32
988
375
747
2585
2585
122
191
1413
1672
1483
1729
708
515
1288
4228
676
414
548
569
3918
877
5097
488
1818
663
71
1137
333
181
2538
2162
456
1169
1895
4594
3590
4999
3861
60
11
11
1175
2136
207
24
3786
4408
4548
5010
4887
5098
4437
3019
1771
4725
3708
892
1138
1370
4612
1620
311
2316
139
72
3895
4437
415
2585
2585
2514
30
30
300
192
3207
519
661
500
459
459
992
2338
636
696
1363
270
875
619
1491
1620
1620
503
463
2200
745
745
1364
3933
794
339
4610
4835
370
12
861
1686
1214
1686
1620
458
161
3936
2542
1202
628
1472
3725
4174
955
1162
1388
1792
2090
34
1620
1129
627
29
959
709
2123
762
161
32
1735
1043
746
2220
2051
1504
268
884
682
1431
2973
2320
1921
1804
346
150
2542
1990
927
1256
4
166
655
1110
994
9
2497
9
723
315
209
39
150
562
3129
1476
1059
686
674
67
999
1119
129
2523
1214
1743
886
1264
1853
959
1694
925
1015
1950
1272
125
4062
4186
936
1247
4689
1620
949
650
859
247
356
399
294
2162
206
84
500
258
43
789
166
871
279
1620
2029
7
408
449
449
334
1458
4191
436
2263
743
73
1933
1620
1656
345
994
279
290
1613
349
98
513
110
1798
2002
917
1742
326
783
1425
494
2086
1108
1110
1264
2079
244
620
620
651
868
1163
4616
750
206
175
1152
287
1186
712
1674
1
691
760
1070
714
821
1179
709
709
4796
1607
1458
4659
1017
1433
5097
1532
3897
43
145
93
4124
317
322
514
1394
1493
39
537
2244
2240
1735
1681
841
1106
112
1071
1330
1344
53
501
751
519
13
4831
1501
1298
799
21
566
2977
1834
4251
19
203
5
1693
1840
1620
3590
56
293
723
498
513
315
806
4
213
302
1865
191
805
1114
3405
4031
4970
1425
588
346
520
2487
488
191
3902
1097
842
1241
1392
463
23
1066
2377
1064
790
2484
2457
2526
377
989
1487
1040
4847
4435
36
663
1273
598
810
200
73
4418
2038
56
2025
50
1481
118
283
576
189
1694
1
1785
1387
2248
1070
2364
1395
1529
1493
537
255
4314
2744
50
1479
18
470
3998
122
2027
751
2377
485
1486
551
12
1796
4317
2541
588
1372
39
449
119
92
1179
425
1796
1620
338
2218
17
4495
749
2861
1174
1215
414
645
208
2259
169
100
288
288
271
1241
29
282
127
451
287
3514
1354
71
5032
1166
227
516
1823
416
42
167
905
464
77
1319
1023
903
2129
290
464
914
1108
469
831
592
105
122
811
4597
1003
1656
1698
1791
991
991
344
193
394
226
587
5
5
214
1276
1601
2110
1058
232
559
821
4046
4061
1174
1214
1993
628
1895
19
577
788
2
1620
1173
1602
279
819
245
1620
267
2129
4966
1620
450
1339
1477
2973
871
271
759
21
29
12
695
409
346
329
20
628
498
165
211
1393
3704
1620
4061
1196
211
1029
2172
2674
786
350
1056
4613
1467
3793
1173
916
789
5111
4
3774
165
3896
1441
1688
901
1860
4854
942
5071
358
4061
341
3926
1104
1104
1192
122
4735
630
308
910
17
694
4381
241
779
1469
291
485
1108
798
4751
1606
3402
65
1076
1246
588
16
11
121
1945
3877
628
470
6
4857
955
1188
398
1028
2973
305
4860
301
1620
2054
55
102
1333
4524
175
2163
1130
1292
911
1138
103
1063
1828
70
323
1566
69
590
271
1464
93
51
121
1142
1733
814
4
123
1596
5050
1979
325
81
228
228
102
1408
220
656
328
1147
1725
