0.0
0.0
0.0
0.0
0.0
1.0
0.0
0.0
0.0
0.0
0.0
1.0
1.0
0.988888888889
1.0
1.0
0.9875
1.0
0.97
0.968992248062
0.957446808511
0.988505747126
0.978723404255
0.983193277311
1.0
1.0
1.0
0.982456140351
1.0
1.0
1.0
0.981132075472
1.0
0.988095238095
0.989010989011
0.987012987013
0.990566037736
0.966292134831
1.0
0.946564885496
0.955357142857
1.0
0.0
0.975609756098
0.0
0.0
0.0
0.0
0.0
0.0
1.0
0.0
0.0
0.0
0.0
0.0
0.0
0.974137931034
0.975
1.0
0.0
0.974747474747
0.992805755396
1.0
0.0
0.0
0.0
0.0
0.0
0.0
0.0
0.0
0.0
0.0
0.990099009901
0.988738738739
0.985714285714
0.0
0.0
0.0
0.982142857143
0.955056179775
0.0
0.981366459627
0.0
0.0
1.0
1.0
0.964601769912
0.9765625
0.981012658228
0.99
1.0
0.0
0.989247311828
1.0
0.972972972973
0.0
0.0
0.0
0.0
0.990740740741
1.0
0.0
0.0208333333333
0.0
0.0
0.0
0.0
0.0
0.0
0.96
0.0
0.0
0.0
0.0
0.0
0.0
0.977859778598
0.980769230769
0.9875
1.0
0.956989247312
0.993055555556
0.984693877551
0.975409836066
0.981818181818
1.0
0.989010989011
0.0
0.0
0.989583333333
0.0
0.0
0.0
0.0
0.0
0.0
0.0
0.0
0.0
0.0
0.0
0.0
0.0
0.0
0.0
0.0
0.0
0.0
0.967032967033
0.980582524272
0.985074626866
0.991596638655
0.986394557823
0.974193548387
1.0
0.988235294118
0.974683544304
0.979310344828
1.0
0.990740740741
1.0
0.988888888889
0.985074626866
0.990740740741
0.989583333333
0.980392156863
0.987577639752
1.0
0.975609756098
0.98
0.0
0.0
0.0
0.0
0.0
0.977272727273
0.0
0.0
0.972222222222
1.0
0.0
0.985714285714
0.0
0.0
1.0
0.0
0.0
1.0
1.0
1.0
0.0
0.0
0.0
0.0
0.0
0.0
0.0
0.964539007092
0.990654205607
0.978494623656
0.987179487179
0.990384615385
0.954022988506
0.991935483871
0.975903614458
0.989130434783
0.986666666667
0.955056179775
0.975609756098
0.955056179775
0.979166666667
0.08
0.972602739726
1.0
0.986666666667
0.982905982906
1.0
0.965346534653
0.990825688073
1.0
1.0
0.987012987013
1.0
0.963709677419
0.977777777778
0.993975903614
1.0
1.0
0.0
0.993421052632
0.980392156863
0.0
0.0
0.0
0.0
0.0
0.0
0.958904109589
0.973684210526
1.0
0.989473684211
0.980392156863
0.99375
0.0
0.989473684211
0.993902439024
0.0
0.989247311828
1.0
0.990228013029
0.987654320988
1.0
1.0
1.0
1.0
1.0
1.0
0.992063492063
0.986486486486
0.990196078431
0.992424242424
1.0
0.966292134831
1.0
1.0
1.0
0.969387755102
0.96835443038
0.0
0.0
0.0
0.0
0.0
0.0
0.0
0.988095238095
0.981132075472
0.978835978836
0.971153846154
0.983050847458
0.991666666667
0.974358974359
0.979381443299
1.0
1.0
1.0
1.0
0.973333333333
0.989010989011
0.96644295302
0.986301369863
0.972602739726
0.96511627907
0.960264900662
0.975757575758
0.990654205607
0.983695652174
0.983050847458
1.0
0.988764044944
0.981595092025
0.976
0.973684210526
0.983050847458
0.974025974026
0.991452991453
1.0
0.992063492063
1.0
0.988505747126
1.0
0.97520661157
0.989473684211
0.984615384615
1.0
1.0
1.0
0.964705882353
0.980952380952
1.0
0.990909090909
0.984615384615
1.0
0.96875
0.984251968504
1.0
0.98
0.992307692308
0.988304093567
0.984251968504
0.96644295302
1.0
0.975609756098
1.0
1.0
0.990099009901
1.0
1.0
0.0
0.0
0.0
0.0
0.0
0.0
0.0
0.0
0.0
0.0
1.0
0.0
0.0
0.0
0.0
0.0
0.0
0.0
0.990909090909
0.0
0.0
1.0
0.0
1.0
0.0
0.0
0.0
0.0
0.0
0.9875
0.0
0.0
0.965384615385
0.991666666667
0.992217898833
1.0
0.993827160494
0.968944099379
0.989583333333
1.0
0.984496124031
0.987012987013
0.984375
0.969696969697
1.0
0.961538461538
0.979508196721
0.991666666667
0.976744186047
0.999146029035
0.99746835443
0.982608695652
0.974358974359
0.983333333333
1.0
1.0
1.0
1.0
0.981818181818
0.988857938719
0.98275862069
1.0
0.0
0.983783783784
0.970873786408
0.0
0.0
0.0
0.0
0.986486486486
0.0
0.990099009901
0.0
0.0
1.0
0.99
0.994535519126
0.0
0.0
0.0
0.0
0.0
0.0
0.991150442478
0.0
0.0
0.0
0.0
0.0
0.0
0.986754966887
0.0
0.0
0.0
0.0
0.991525423729
0.0
0.0
1.0
0.991071428571
1.0
0.977528089888
0.0
0.0
0.973684210526
0.972972972973
0.980952380952
0.963636363636
0.986111111111
1.0
0.0
0.0
1.0
0.955555555556
1.0
0.0
0.0
0.0
0.0
0.0
0.0
1.0
0.991304347826
0.0
0.0
0.0
1.0
0.0
0.974193548387
0.962962962963
0.0
0.0
0.0
0.0
0.0
0.0
0.865384615385
0.0
0.0
0.0
0.0
0.0
0.0
0.0
0.983870967742
0.980891719745
0.989795918367
0.978260869565
0.988764044944
0.98814229249
