0
0
0
0
0
0
0
0
0
0
0
0
0
0
0
0
0
0
0
0
0
0
0
0
0
0
0
0
0
0
0
0
0
0
0
0
0
0
0
0
0
0
0
0
0
0
0
0
0
0
0
0
0
0
0
0
0
0
0
0
0
0
0
0
0
0
0
0
0
0
0
0
0
0
0
0
0
0
0
0
0
0
0
0
0
0
0
0
0
0
0
0
0
0
0
0
0
0
0
0
0
0
0
0
0
0
0
0
0
0
0
0
0
0
0
0
0
0
0
0
0
0
0
0
0
0
0
0
0
0
0
0
0
0
0
0
0
0
0
0
0
0
0
0
0
0
0
0
0
0
0
0
0
0
0
0
0
0
0
0
0
0
0
0
0
0
0
0
0
0
0
0
0
0
0
0
0
0
0
0
0
0
0
0
0
0
0
0
0
0
0
0
0
0
0
0
0
0
0
0
0
0
0
0
0
0
0
0
0
0
0
0
0
0
0
0
0
0
0
0
0
0
0
0
0
0
0
0
0
0
0
0
0
0
0
0
0
0.020833333
0.08
0.865384615
0.945357143
0.945357143
0.945357143
0.945357143
0.945357143
0.945357143
0.945357143
0.945357143
0.945357143
0.946564885
0.95035461
0.950413223
0.95049505
0.950617284
0.950980392
0.951048951
0.951388889
0.951612903
0.951923077
0.952380952
0.952380952
0.952755906
0.952830189
0.952941176
0.952941176
0.953020134
0.953271028
0.953488372
0.953488372
0.953846154
0.954022989
0.954022989
0.954022989
0.9543379
0.954545455
0.954545455
0.954545455
0.954545455
0.954545455
0.954887218
0.95505618
0.95505618
0.95505618
0.95505618
0.955223881
0.955357143
0.955555556
0.955555556
0.955555556
0.955555556
0.955555556
0.955555556
0.955555556
0.955555556
0.955882353
0.955882353
0.955882353
0.956043956
0.956521739
0.956521739
0.956896552
0.956989247
0.957446809
0.957446809
0.95890411
0.959064327
0.959183673
0.95959596
0.96
0.96
0.96
0.960264901
0.960264901
0.960526316
0.960526316
0.960526316
0.960526316
0.960526316
0.961038961
0.961165049
0.961165049
0.961538462
0.961538462
0.961904762
0.962121212
0.962616822
0.962616822
0.962962963
0.962962963
0.963636364
0.963636364
0.963709677
0.964467005
0.964539007
0.96460177
0.964705882
0.964705882
0.964705882
0.964788732
0.964912281
0.965116279
0.965346535
0.965384615
0.965609756
0.965609756
0.965609756
0.965609756
0.966101695
0.966292135
0.966292135
0.966442953
0.966442953
0.966666667
0.966666667
0.966666667
0.967032967
0.967213115
0.967213115
0.967741935
0.968253968
0.968253968
0.96835443
0.96875
0.96875
0.968944099
0.968992248
0.969072165
0.969230769
0.969387755
0.96969697
0.96978852
0.97
0.97
0.970873786
0.971014493
0.971014493
0.971014493
0.971153846
0.971428571
0.971428571
0.971698113
0.972222222
0.972222222
0.97260274
0.97260274
0.972972973
0.972972973
0.973333333
0.973684211
0.973684211
0.973684211
0.973856209
0.973913043
0.974025974
0.974137931
0.974193548
0.974193548
0.974358974
0.974358974
0.974683544
0.974683544
0.974747475
0.975
0.975206612
0.975409836
0.975609756
0.975609756
0.975609756
0.975609756
0.975757576
0.975903614
0.976
0.976190476
0.976190476
0.976190476
0.976190476
0.976190476
0.9765625
0.976744186
0.976744186
0.976744186
0.976744186
0.976744186
0.977272727
0.97752809
0.977777778
0.977859779
0.97826087
0.97826087
0.97826087
0.97826087
0.97826087
0.97826087
0.97826087
0.97826087
0.97826087
0.97826087
0.978494624
0.978622328
0.978723404
0.978723404
0.978835979
0.979166667
0.979310345
0.979381443
0.979508197
0.98
0.98
0.980392157
0.980392157
0.980392157
0.980582524
0.980769231
0.980769231
0.98089172
0.980952381
0.980952381
0.981012658
0.981132075
0.981132075
0.98136646
0.981481481
0.981595092
0.981818182
0.981818182
0.982142857
0.98245614
0.982608696
0.982758621
0.982905983
0.983050847
0.983050847
0.983050847
0.983193277
0.983333333
0.983333333
0.983606557
0.983695652
0.983783784
0.983870968
0.984251969
0.984251969
0.984375
0.984375
0.984496124
0.984615385
0.984615385
0.984693878
0.985074627
0.985074627
0.985714286
0.985714286
0.985714286
0.986111111
0.98630137
0.986394558
0.986486486
0.986486486
0.986666667
0.986666667
0.986754967
0.987012987
0.987012987
0.987012987
0.987179487
0.9875
0.9875
0.9875
0.9875
0.9875
0.98757764
0.987654321
0.988095238
0.988095238
0.988142292
0.988142292
0.988142292
0.988142292
0.988142292
0.988235294
0.988304094
0.988505747
0.988505747
0.988738739
0.988764045
0.988764045
0.988764045
0.988764045
0.988764045
0.988764045
0.988764045
0.988764045
0.988764045
0.988764045
0.988764045
0.988857939
0.988888889
0.988888889
0.989010989
0.989010989
0.989010989
0.989130435
0.989247312
0.989247312
0.989473684
0.989473684
0.989473684
0.989473684
0.989583333
0.989583333
0.989583333
0.989795918
0.99
0.99
0.99009901
0.99009901
0.99009901
0.990196078
0.990228013
0.990384615
0.990566038
0.990566038
0.990654206
0.990654206
0.990740741
0.990740741
0.990740741
0.990825688
0.990909091
0.990909091
0.991050119
0.991071429
0.991150442
0.991304348
0.991452991
0.991525424
0.991596639
0.991666667
0.991666667
0.991666667
0.991935484
0.991935484
0.992063492
0.992063492
0.992217899
0.992307692
0.992424242
0.992805755
0.993055556
0.993421053
0.99375
0.99382716
0.993902439
0.993975904
0.994535519
0.997468354
0.997468354
0.997468354
0.997468354
0.997468354
0.997468354
0.999146029
0.999146029
0.999146029
0.999146029
0.999146029
0.999146029
0.9999
0.9999
0.9999
0.9999
0.9999
0.9999
0.9999
0.9999
0.9999
1
1
1
1
1
1
1
1
1
1
1
1
1
1
1
1
1
1
1
1
1
1
1
1
1
1
1
1
1
1
1
1
1
1
1
1
1
1
1
1
1
1
1
1
1
1
1
1
1
1
1
1
1
1
1
1
1
1
1
1
1
1
1
1
1
1
1
1
1
1
1
1
1
1
1
1
1
1
1
1
1
1
1
1
1
1
1
1
1
1
1
1
1
1
1
1
1
1
1
1
1