0.0
0.0
0.0
0.0
0.0
1.0
0.0
0.0
0.0
0.0
0.0
1.0
1.0
1.0
1.0
1.0
1.0
1.0
0.990384615385
0.985401459854
0.986928104575
1.0
0.993197278912
1.0
1.0
1.0
1.0
1.0
1.0
1.0
1.0
1.0
1.0
1.0
1.0
0.994082840237
1.0
1.0
1.0
0.978873239437
0.966666666667
1.0
0.0
0.992424242424
0.0
0.0
0.0
0.0
0.0
0.0
1.0
0.0
0.0
0.0
0.0
0.0
0.0
0.991666666667
0.992125984252
1.0
0.0
0.985849056604
0.993055555556
1.0
0.0
0.0
0.0
0.0
0.0
0.0
0.0
0.0
0.0
0.0
1.0
0.995975855131
0.99358974359
0.0
0.0
0.0
0.995726495726
0.978947368421
0.0
0.988950276243
0.0
0.0
1.0
1.0
0.98347107438
0.992857142857
1.0
0.99
1.0
0.0
1.0
1.0
1.0
0.0
0.0
0.0
0.0
0.990909090909
1.0
0.0
0.0566037735849
0.0
0.0
0.0
0.0
0.0
0.0
0.981132075472
0.0
0.0
0.0
0.0
0.0
0.0
0.986206896552
1.0
1.0
1.0
0.96875
1.0
0.990476190476
1.0
0.991228070175
1.0
0.994871794872
0.0
0.0
1.0
0.0
0.0
0.0
0.0
0.0
0.0
0.0
0.0
0.0
0.0
0.0
0.0
0.0
0.0
0.0
0.0
0.0
0.0
1.0
1.0
1.0
1.0
0.993788819876
0.981818181818
1.0
0.994535519126
0.97619047619
0.987261146497
1.0
1.0
1.0
1.0
1.0
1.0
0.989583333333
1.0
0.988023952096
1.0
1.0
1.0
0.0
0.0
0.0
0.0
0.0
0.985611510791
0.0
0.0
0.982608695652
1.0
0.0
0.993464052288
0.0
0.0
1.0
0.0
0.0
1.0
1.0
1.0
0.0
0.0
0.0
0.0
0.0
0.0
0.0
0.986577181208
0.991228070175
0.989795918367
1.0
1.0
0.968253968254
1.0
0.988636363636
1.0
1.0
0.978947368421
0.988372093023
0.978947368421
0.989898989899
0.109090909091
0.987288135593
1.0
0.987804878049
0.992
1.0
0.977578475336
1.0
1.0
1.0
1.0
1.0
0.973384030418
1.0
1.0
1.0
1.0
0.0
1.0
1.0
0.0
0.0
0.0
0.0
0.0
0.0
0.959459459459
0.9875
1.0
1.0
1.0
1.0
0.0
1.0
0.994219653179
0.0
1.0
1.0
0.996978851964
1.0
1.0
1.0
1.0
1.0
1.0
1.0
1.0
1.0
0.990740740741
0.992592592593
1.0
0.989473684211
1.0
1.0
1.0
0.990384615385
0.988023952096
0.0
0.0
0.0
0.0
0.0
0.0
0.0
0.988235294118
1.0
0.990099009901
0.990909090909
1.0
1.0
0.991935483871
1.0
1.0
1.0
1.0
1.0
0.987012987013
0.989583333333
0.987341772152
1.0
0.986754966887
0.988764044944
0.9875
0.988505747126
1.0
1.0
1.0
1.0
1.0
0.994117647059
0.992424242424
0.987012987013
0.991935483871
1.0
1.0
1.0
1.0
1.0
1.0
1.0
0.991935483871
1.0
1.0
1.0
1.0
1.0
1.0
1.0
1.0
1.0
1.0
1.0
1.0
0.992481203008
1.0
0.9875
0.992700729927
0.994444444444
0.992481203008
0.987341772152
1.0
0.988372093023
1.0
1.0
1.0
1.0
1.0
0.0
0.0
0.0
0.0
0.0
0.0
0.0
0.0
0.0
0.0
1.0
0.0
0.0
0.0
0.0
0.0
0.0
0.0
1.0
0.0
0.0
1.0
0.0
1.0
0.0
0.0
0.0
0.0
0.0
1.0
0.0
0.0
0.982078853047
1.0
1.0
1.0
0.994047619048
0.988826815642
1.0
1.0
1.0
0.993710691824
1.0
1.0
1.0
0.975903614458
0.985018726592
1.0
0.977777777778
1.0
0.998884758364
1.0
0.995305164319
1.0
1.0
1.0
1.0
1.0
1.0
0.997506234414
0.991803278689
1.0
0.0
0.994949494949
0.991150442478
0.0
0.0
0.0
0.0
0.986486486486
0.0
0.990196078431
0.0
0.0
1.0
1.0
1.0
0.0
0.0
0.0
0.0
0.0
0.0
1.0
0.0
0.0
0.0
0.0
0.0
0.0
0.987341772152
0.0
0.0
0.0
0.0
1.0
0.0
0.0
1.0
0.991304347826
1.0
1.0
0.0
0.0
0.991869918699
1.0
1.0
0.982905982906
0.993333333333
1.0
0.0
0.0
1.0
0.978947368421
1.0
0.0
0.0
0.0
0.0
0.0
0.0
1.0
0.991803278689
0.0
0.0
0.0
1.0
0.0
1.0
1.0
0.0
0.0
0.0
0.0
0.0
0.0
0.925925925926
0.0
0.0
0.0
0.0
0.0
0.0
0.0
0.9921875
0.981927710843
1.0
0.989473684211
1.0
0.996389891697
