0
0
0
0
0
0
0
0
0
0
0
0
0
0
0
0
0
0
0
0
0
0
0
0
0
0
0
0
0
0
0
0
0
0
0
0
0
0
0
0
0
0
0
0
0
0
0
0
0
0
0
0
0
0
0
0
0
0
0
0
0
0
0
0
0
0
0
0
0
0
0
0
0
0
0
0
0
0
0
0
0
0
0
0
0
0
0
0
0
0
0
0
0
0
0
0
0
0
0
0
0
0
0
0
0
0
0
0
0
0
0
0
0
0
0
0
0
0
0
0
0
0
0
0
0
0
0
0
0
0
0
0
0
0
0
0
0
0
0
0
0
0
0
0
0
0
0
0
0
0
0
0
0
0
0
0
0
0
0
0
0
0
0
0
0
0
0
0
0
0
0
0
0
0
0
0
0
0
0
0
0
0
0
0
0
0
0
0
0
0
0
0
0
0
0
0
0
0
0
0
0
0
0
0
0
0
0
0
0
0
0
0
0
0
0
0
0
0
0
0
0
0
0
0
0
0
0
0
0
0
0
0
0
0
0
0
0
0
0
0
0
0
0
0
0
0
0
0.056603774
0.109090909
0.925925926
0.925925926
0.925925926
0.925925926
0.925925926
0.925925926
0.925925926
0.955223881
0.955223881
0.955555556
0.955555556
0.955555556
0.955555556
0.955882353
0.955882353
0.955882353
0.955882353
0.955882353
0.955882353
0.956043956
0.956043956
0.956521739
0.956521739
0.956521739
0.956521739
0.956896552
0.956896552
0.957446809
0.957446809
0.959064327
0.959064327
0.959183673
0.959183673
0.959459459
0.964705882
0.964705882
0.964788732
0.964912281
0.966101695
0.966666667
0.966666667
0.966666667
0.966666667
0.967213115
0.967213115
0.967741935
0.968253968
0.968253968
0.968253968
0.96875
0.96875
0.969072165
0.969230769
0.96978852
0.97338403
0.975903614
0.976190476
0.977578475
0.977777778
0.978873239
0.978947368
0.978947368
0.978947368
0.978947368
0.981132075
0.981818182
0.981927711
0.982078853
0.982608696
0.982905983
0.983471074
0.985018727
0.98540146
0.985611511
0.985849057
0.986206897
0.986486486
0.986577181
0.986754967
0.986928105
0.987012987
0.987012987
0.987261146
0.987288136
0.987341772
0.987341772
0.987341772
0.9875
0.9875
0.9875
0.987804878
0.988023952
0.988023952
0.988235294
0.988372093
0.988372093
0.988505747
0.988636364
0.988764045
0.988826816
0.988950276
0.989473684
0.989473684
0.989583333
0.989583333
0.989795918
0.98989899
0.99
0.99009901
0.990196078
0.990384615
0.990384615
0.99047619
0.990740741
0.990909091
0.990909091
0.991150442
0.99122807
0.99122807
0.991304348
0.991666667
0.991803279
0.991803279
0.991803279
0.991803279
0.991803279
0.991803279
0.991803279
0.991803279
0.991803279
0.991803279
0.991803279
0.991803279
0.991869919
0.991935484
0.991935484
0.991935484
0.992
0.992125984
0.9921875
0.9921875
0.9921875
0.9921875
0.9921875
0.9921875
0.9921875
0.9921875
0.992424242
0.992424242
0.992424242
0.992424242
0.992424242
0.992424242
0.992424242
0.992424242
0.992424242
0.992424242
0.992481203
0.992481203
0.992592593
0.99270073
0.992857143
0.993055556
0.993197279
0.993333333
0.993464052
0.993589744
0.993710692
0.99378882
0.994047619
0.99408284
0.994117647
0.994219653
0.994444444
0.994535519
0.994871795
0.994949495
0.995305164
0.995341772
0.995726496
0.995975855
0.996341772
0.996341772
0.996341772
0.996341772
0.996341772
0.996341772
0.996341772
0.996341772
0.996341772
0.996341772
0.996341772
0.996341772
0.996389892
0.996978852
0.997341772
0.997341772
0.997341772
0.997341772
0.997341772
0.997341772
0.997341772
0.997506234
0.998884758
1
1
1
1
1
1
1
1
1
1
1
1
1
1
1
1
1
1
1
1
1
1
1
1
1
1
1
1
1
1
1
1
1
1
1
1
1
1
1
1
1
1
1
1
1
1
1
1
1
1
1
1
1
1
1
1
1
1
1
1
1
1
1
1
1
1
1
1
1
1
1
1
1
1
1
1
1
1
1
1
1
1
1
1
1
1
1
1
1
1
1
1
1
1
1
1
1
1
1
1
1
1
1
1
1
1
1
1
1
1
1
1
1
1
1
1
1
1
1
1
1
1
1
1
1
1
1
1
1
1
1
1
1
1
1
1
1
1
1
1
1
1
1
1
1
1
1
1
1
1
1
1
1
1
1
1
1
1
1
1
1
1
1
1
1
1
1
1
1
1
1
1
1
1
1
1
1
1
1
1
1
1
1
1
1
1
1
1
1
1
1
1
1
1
1
1
1
1
1
1
1
1
1
1
1
1
1
1
1
1
1
1
1
1
1
1
1
1
1
1
1
1
1
1
1
1
1
1
1
1
1
1
1
1
1
1
1
1
1
1
1
1
1
1
1
1
1
1
1
1
1
1
1
1
1
1
1
1