0
0
0
0
0
0
0
0
0
0
0
0
0
0
0
0
0
0
0
0
0
0
0
0
0
0
0
0
0
0
0
0
0
0
0
0
0
0
0
0
0
0
0
0
0
0
0
0
0
0
0
0
0
0
0
0
0
0
0
0
0
0
0
0
0
0
0
0
0
0
0
0
0
0
0
0
0
0
0
0
0
0
0
0
0
0
0
0
0
0
0
0
0
0
0
0
0
0
0
0
0
0
0
0
0
0
0
0
0
0
0
0
0
0
0
0
0
0
0
0
0
0
0
0
0
0
0
0
0
0
0
0
0
0
0
0
0
0
0
0
0
0
0
0
0
0
0
0
0
0
0
0
0
0
0
0
0
0
0
0
0
0
0
0
0
0
0
0
0
0
0
0
0
0
0
0
0
0
0
0
0
0
0
0
0
0
0
0
0
0
0
0
0
0
0.046511628
0.575
0.836734694
0.869158879
0.88172043
0.882352941
0.885714286
0.888888889
0.891304348
0.892473118
0.895522388
0.895522388
0.896
0.897196262
0.897435897
0.897435897
0.9
0.9
0.901234568
0.901960784
0.902439024
0.902777778
0.902777778
0.902777778
0.904109589
0.904458599
0.905660377
0.905660377
0.90625
0.907216495
0.907407407
0.907407407
0.907407407
0.908333333
0.909090909
0.910447761
0.911111111
0.911764706
0.911764706
0.9125
0.912621359
0.912621359
0.912751678
0.913043478
0.913907285
0.9140625
0.914893617
0.91588785
0.916666667
0.916666667
0.917808219
0.918918919
0.919354839
0.92
0.920353982
0.920454545
0.920634921
0.920634921
0.920634921
0.920634921
0.921052632
0.921428571
0.921875
0.921875
0.922535211
0.923076923
0.923728814
0.923728814
0.923913043
0.924050633
0.924050633
0.92481203
0.925925926
0.926108374
0.926470588
0.926829268
0.926829268
0.927083333
0.927272727
0.927536232
0.927536232
0.927536232
0.927536232
0.927536232
0.927710843
0.927835052
0.928
0.928571429
0.928571429
0.92920354
0.929292929
0.929292929
0.929411765
0.929411765
0.929411765
0.929824561
0.93
0.930232558
0.930232558
0.931034483
0.93125
0.931372549
0.931818182
0.932038835
0.932038835
0.93220339
0.932330827
0.932432432
0.933333333
0.933333333
0.933649289
0.933884298
0.934210526
0.93442623
0.934782609
0.935064935
0.935483871
0.935483871
0.935897436
0.936170213
0.936507937
0.936507937
0.937007874
0.9375
0.938053097
0.938271605
0.939759036
0.939849624
0.94
0.94017094
0.94017094
0.940540541
0.940677966
0.941176471
0.941176471
0.941176471
0.941860465
0.942307692
0.942622951
0.942857143
0.943181818
0.943396226
0.943820225
0.943925234
0.944444444
0.945205479
0.945945946
0.945945946
0.945945946
0.946666667
0.946969697
0.947368421
0.947368421
0.947368421
0.947368421
0.947368421
0.947368421
0.947368421
0.948051948
0.948275862
0.948275862
0.948453608
0.948453608
0.948717949
0.948717949
0.948717949
0.948717949
0.948979592
0.948979592
0.948979592
0.949152542
0.949152542
0.949494949
0.949494949
0.95
0.95
0.95
0.95
0.95035461
0.950413223
0.95049505
0.950617284
0.950980392
0.951048951
0.951388889
0.951612903
0.951923077
0.952380952
0.952380952
0.952755906
0.952830189
0.952941176
0.952941176
0.953020134
0.953271028
0.953488372
0.953488372
0.953846154
0.954022989
0.954022989
0.9543379
0.954545455
0.954545455
0.954545455
0.954545455
0.954545455
0.954887218
0.95505618
0.955223881
0.955555556
0.955555556
0.955882353
0.955882353
0.955882353
0.956043956
0.956521739
0.956521739
0.956896552
0.957446809
0.959064327
0.959183673
0.95959596
0.96
0.960264901
0.960526316
0.961038961
0.961165049
0.961165049
0.961538462
0.961904762
0.962121212
0.962616822
0.962616822
0.962962963
0.963636364
0.964467005
0.964705882
0.964705882
0.964788732
0.964912281
0.966101695
0.966666667
0.966666667
0.966666667
0.967213115
0.967213115
0.967741935
0.968253968
0.968253968
0.96875
0.969072165
0.969230769
0.96978852
0.97
0.971014493
0.971014493
0.971014493
0.971428571
0.971428571
0.971698113
0.972222222
0.973856209
0.973913043
0.974683544
0.976190476
0.976190476
0.976190476
0.976744186
0.976744186
0.97826087
0.978622328
0.978723404
0.98
0.98
0.980769231
0.981481481
0.983333333
0.983606557
0.984375
0.985714286
0.9875
0.9875
0.989473684
0.990566038
0.991050119
0.991935484
1
1
1
1
1
1
1
1
1
1