0.0
0.0
0.0
0.0
0.0
0.934426229508
0.0
0.0
0.0
0.0
0.0
0.901960784314
0.956043956044
0.909090909091
0.935064935065
0.980769230769
0.971014492754
0.966101694915
0.927710843373
0.943396226415
0.869158878505
0.9875
0.941176470588
0.948979591837
1.0
1.0
0.95
0.962962962963
0.954022988506
0.905660377358
0.978723404255
0.914893617021
0.983606557377
0.89552238806
0.917808219178
0.923728813559
0.95652173913
0.9125
0.951388888889
0.897196261682
0.911111111111
0.972222222222
0.0
0.94
0.0
0.0
0.0
0.0
0.0
0.0
0.948717948718
0.0
0.0
0.0
0.0
0.0
0.0
0.948453608247
0.881720430108
1.0
0.0
0.93125
0.948275862069
0.891304347826
0.0
0.0
0.0
0.0
0.0
0.0
0.0
0.0
0.0
0.0
0.954545454545
0.969788519637
0.93137254902
0.0
0.0
0.0
0.969072164948
0.902777777778
0.0
0.95041322314
0.0
0.0
0.955882352941
0.960526315789
0.936170212766
0.950495049505
0.916666666667
0.920454545455
0.97619047619
0.0
0.945205479452
0.955882352941
0.935483870968
0.0
0.0
0.0
0.0
0.978260869565
0.966666666667
0.0
0.0
0.0
0.0
0.0
0.0
0.0
0.0
0.929411764706
0.0
0.0
0.0
0.0
0.0
0.0
0.954337899543
0.921052631579
0.927536231884
1.0
0.952941176471
0.920353982301
0.942307692308
0.907216494845
0.89247311828
0.971428571429
0.953020134228
0.0
0.0
0.939759036145
0.0
0.0
0.0
0.0
0.0
0.0
0.0
0.0
0.0
0.0
0.0
0.0
0.0
0.0
0.0
0.0
0.0
0.0
0.885714285714
0.952941176471
0.929203539823
0.961165048544
0.938053097345
0.9140625
0.949152542373
0.957446808511
0.926470588235
0.940170940171
0.959064327485
0.934782608696
0.927272727273
0.947368421053
0.967213114754
0.929411764706
0.9
0.955555555556
0.932330827068
0.98
0.89552238806
0.901234567901
0.0
0.0
0.0
0.0
0.0
0.912621359223
0.0
0.0
0.882352941176
0.920634920635
0.0
0.932038834951
0.0
0.0
0.961904761905
0.0
0.0
0.947368421053
1.0
0.961538461538
0.0
0.0
0.0
0.0
0.0
0.0
0.0
0.940170940171
0.931818181818
0.950617283951
0.971014492754
0.966666666667
0.921428571429
0.952380952381
0.916666666667
0.938271604938
0.96875
0.902777777778
0.927536231884
0.902777777778
0.952380952381
0.046511627907
0.931034482759
0.949494949495
0.951612903226
0.929292929293
0.989473684211
0.912751677852
0.941176470588
0.971428571429
0.97619047619
0.921875
0.966666666667
0.926108374384
0.945945945946
0.908333333333
1.0
0.973913043478
0.0
0.933884297521
0.941860465116
0.0
0.0
0.0
0.0
0.0
0.0
0.955882352941
0.954545454545
0.949152542373
0.974683544304
0.94262295082
0.937007874016
0.0
0.976744186047
0.950354609929
0.0
0.888888888889
0.921875
0.959183673469
0.920634920635
0.968253968254
0.948717948718
1.0
0.947368421053
0.96261682243
0.925925925926
0.963636363636
0.953846153846
0.897435897436
0.947368421053
0.984375
0.92
1.0
1.0
0.971014492754
0.924050632911
0.947368421053
0.0
0.0
0.0
0.0
0.0
0.0
0.0
0.945945945946
0.953488372093
0.948051948052
0.928571428571
0.96
0.951923076923
0.949494949495
0.924050632911
0.98
0.95
0.955223880597
0.948275862069
0.954545454545
0.948717948718
0.936507936508
0.940677966102
0.944444444444
0.934210526316
0.91935483871
0.924812030075
0.93023255814
0.911764705882
0.922535211268
0.918918918919
0.97619047619
0.94696969697
0.93
0.95652173913
0.927835051546
0.933333333333
0.929292929293
0.976744186047
0.943925233645
0.981481481481
0.904109589041
0.985714285714
0.942857142857
0.93023255814
0.929824561404
0.929411764706
0.920634920635
0.990566037736
0.935897435897
0.926829268293
0.927536231884
0.943820224719
0.967213114754
0.950980392157
0.947368421053
0.971698113208
0.964705882353
0.952755905512
0.96261682243
0.951048951049
0.912621359223
0.896
0.905660377358
0.927536231884
0.920634920635
0.9375
0.928571428571
0.969230769231
0.907407407407
0.0
0.0
0.0
0.0
0.0
0.0
0.0
0.0
0.0
0.0
0.907407407407
0.0
0.0
0.0
0.0
0.0
0.0
0.0
0.955056179775
0.0
0.0
0.907407407407
0.0
0.954545454545
0.0
0.0
0.0
0.0
0.0
0.945945945946
0.0
0.0
0.9336492891
0.923076923077
0.932038834951
0.991935483871
0.964788732394
0.90625
0.954022988506
0.961038961039
0.915887850467
0.928
0.964912280702
0.968253968254
0.954545454545
0.911764705882
0.940540540541
0.961165048544
0.946666666667
0.991050119332
0.978622327791
0.959595959596
0.913907284768
0.927536231884
0.947368421053
0.983333333333
0.953488372093
0.97
0.9
0.93984962406
0.927083333333
0.956896551724
0.0
0.960264900662
0.904458598726
0.0
0.0
0.0
0.0
0.941176470588
0.0
0.967741935484
0.0
0.0
0.948453608247
0.964705882353
0.97385620915
0.0
0.0
0.0
0.0
0.0
0.0
0.95
0.0
0.0
0.0
0.0
0.0
0.0
0.962121212121
0.0
0.0
0.0
0.0
0.952830188679
0.0
0.0
0.953271028037
0.95
0.948717948718
0.932432432432
0.0
0.0
0.913043478261
0.935483870968
0.943181818182
0.923913043478
0.923728813559
0.936507936508
0.0
0.0
0.955555555556
0.897435897436
1.0
0.0
0.0
0.0
0.0
0.0
0.0
0.836734693878
0.948979591837
0.0
0.0
0.0
0.932203389831
0.0
0.926829268293
0.90243902439
0.0
0.0
0.0
0.0
0.0
0.0
0.575
0.0
0.0
0.0
0.0
0.0
0.0
0.0
0.948979591837
0.954887218045
0.9875
0.933333333333
0.910447761194
0.964467005076
